10, 195
10, 200
10, 205
10, 210
10, 215
10, 220
10, 225
15, 175
15, 180
15, 185
15, 190
15, 195
15, 200
15, 205
15, 210
15, 215
15, 220
15, 225
15, 230
15, 235
15, 240
20, 155
20, 160
20, 165
20, 170
20, 175
20, 180
20, 235
20, 240
20, 245
25, 135
25, 140
25, 145
25, 150
25, 155
25, 160
25, 165
25, 245
25, 250
25, 255
30, 125
30, 130
30, 135
30, 140
30, 145
30, 150
30, 155
30, 160
30, 250
30, 255
30, 260
35, 120
35, 125
35, 130
35, 135
35, 140
35, 145
35, 150
35, 155
35, 160
35, 165
35, 255
35, 260
40, 140
40, 145
40, 150
40, 155
40, 160
40, 165
40, 255
40, 260
40, 265
45, 140
45, 145
45, 150
45, 155
45, 160
45, 165
45, 260
45, 265
45, 270
50, 90
50, 95
50, 140
50, 145
50, 150
50, 155
50, 160
50, 165
50, 170
50, 265
50, 270
55, 80
55, 85
55, 90
55, 95
55, 145
55, 150
55, 155
55, 165
55, 170
55, 265
55, 270
55, 275
60, 75
60, 80
60, 85
60, 90
60, 95
60, 150
60, 155
60, 160
60, 165
60, 170
60, 175
60, 270
60, 275
65, 75
65, 80
65, 85
65, 90
65, 95
65, 150
65, 155
65, 160
65, 165
65, 170
65, 175
65, 270
65, 275
65, 280
70, 75
70, 80
70, 90
70, 95
70, 155
70, 160
70, 165
70, 170
70, 175
70, 180
70, 255
70, 260
70, 265
70, 270
70, 275
70, 280
75, 75
75, 80
75, 85
75, 90
75, 95
75, 155
75, 160
75, 165
75, 170
75, 175
75, 180
75, 245
75, 250
75, 255
75, 260
75, 265
75, 270
75, 275
80, 75
80, 80
80, 85
80, 90
80, 95
80, 165
80, 170
80, 175
80, 180
80, 235
80, 240
80, 245
80, 250
80, 255
80, 260
80, 265
85, 30
85, 35
85, 80
85, 85
85, 90
85, 95
85, 100
85, 165
85, 170
85, 175
85, 180
85, 185
85, 220
85, 225
85, 230
85, 235
85, 240
85, 245
85, 250
85, 255
85, 275
85, 280
85, 285
85, 290
90, 30
90, 35
90, 80
90, 85
90, 90
90, 95
90, 100
90, 170
90, 175
90, 180
90, 185
90, 210
90, 215
90, 220
90, 225
90, 230
90, 235
90, 240
90, 245
90, 265
90, 270
90, 275
90, 280
90, 285
90, 290
95, 5
95, 10
95, 30
95, 35
95, 80
95, 85
95, 90
95, 95
95, 100
95, 105
95, 170
95, 175
95, 180
95, 185
95, 200
95, 205
95, 210
95, 215
95, 220
95, 225
95, 230
95, 235
95, 255
95, 260
95, 265
95, 270
95, 275
95, 280
95, 285
95, 290
95, 295
100, 5
100, 10
100, 30
100, 35
100, 85
100, 90
100, 95
100, 100
100, 105
100, 175
100, 180
100, 185
100, 190
100, 195
100, 200
100, 205
100, 210
100, 215
100, 220
100, 225
100, 245
100, 250
100, 255
100, 260
100, 265
100, 270
100, 290
100, 295
105, 5
105, 10
105, 30
105, 35
105, 85
105, 90
105, 95
105, 100
105, 105
105, 165
105, 170
105, 175
105, 180
105, 185
105, 190
105, 195
105, 200
105, 205
105, 210
105, 235
105, 240
105, 245
105, 250
105, 255
105, 260
105, 295
105, 300
110, 5
110, 10
110, 30
110, 35
110, 90
110, 95
110, 100
110, 105
110, 110
110, 150
110, 155
110, 160
110, 165
110, 170
110, 175
110, 180
110, 185
110, 190
110, 195
110, 200
110, 220
110, 225
110, 230
110, 235
110, 240
110, 245
110, 250
110, 295
110, 300
115, 5
115, 10
115, 30
115, 35
115, 90
115, 95
115, 100
115, 105
115, 110
115, 140
115, 145
115, 150
115, 155
115, 160
115, 165
115, 170
115, 175
115, 180
115, 190
115, 210
115, 215
115, 220
115, 225
115, 230
115, 235
115, 240
115, 300
120, 5
120, 10
120, 15
120, 30
120, 35
120, 90
120, 95
120, 100
120, 105
120, 110
120, 115
120, 130
120, 135
120, 140
120, 145
120, 150
120, 155
120, 160
120, 165
120, 170
120, 175
120, 180
120, 200
120, 205
120, 210
120, 215
120, 220
120, 225
120, 295
120, 300
120, 305
125, 10
125, 15
125, 30
125, 35
125, 100
125, 105
125, 110
125, 115
125, 120
125, 125
125, 130
125, 135
125, 140
125, 145
125, 150
125, 155
125, 160
125, 165
125, 170
125, 175
125, 180
125, 185
125, 195
125, 200
125, 205
125, 210
125, 215
125, 285
125, 290
125, 295
125, 300
125, 305
130, 10
130, 15
130, 30
130, 35
130, 40
130, 100
130, 105
130, 110
130, 115
130, 120
130, 125
130, 130
130, 135
130, 140
130, 145
130, 150
130, 155
130, 160
130, 165
130, 170
130, 175
130, 180
130, 185
130, 190
130, 195
130, 200
130, 205
130, 275
130, 280
130, 285
130, 290
130, 295
135, 10
135, 15
135, 35
135, 40
135, 100
135, 105
135, 110
135, 115
135, 120
135, 125
135, 130
135, 135
135, 140
135, 145
135, 150
135, 155
135, 160
135, 165
135, 170
135, 175
135, 180
135, 185
135, 190
135, 195
135, 200
135, 265
135, 270
135, 275
135, 280
135, 285
140, 10
140, 15
140, 20
140, 35
140, 40
140, 95
140, 100
140, 105
140, 110
140, 115
140, 120
140, 125
140, 130
140, 135
140, 140
140, 145
140, 150
140, 155
140, 160
140, 165
140, 170
140, 175
140, 180
140, 185
140, 190
140, 195
140, 200
140, 250
140, 255
140, 260
140, 265
140, 270
145, 15
145, 20
145, 35
145, 40
145, 85
145, 90
145, 95
145, 100
145, 105
145, 110
145, 120
145, 125
145, 130
145, 135
145, 140
145, 145
145, 150
145, 155
145, 160
145, 165
145, 170
145, 175
145, 190
145, 195
145, 200
145, 205
145, 240
145, 245
145, 250
145, 255
145, 260
150, 15
150, 20
150, 40
150, 45
150, 50
150, 55
150, 70
150, 75
150, 80
150, 85
150, 90
150, 95
150, 100
150, 105
150, 110
150, 120
150, 125
150, 130
150, 135
150, 140
150, 145
150, 150
150, 155
150, 160
150, 165
150, 195
150, 200
150, 205
150, 230
150, 235
150, 240
150, 245
150, 250
155, 15
155, 20
155, 25
155, 40
155, 45
155, 50
155, 55
155, 60
155, 65
155, 70
155, 75
155, 80
155, 85
155, 90
155, 95
155, 125
155, 130
155, 135
155, 140
155, 145
155, 150
155, 195
155, 200
155, 205
155, 210
155, 215
155, 220
155, 225
155, 230
155, 235
155, 240
160, 20
160, 25
160, 40
160, 45
160, 50
160, 55
160, 60
160, 65
160, 70
160, 75
160, 80
160, 85
160, 100
160, 105
160, 110
160, 115
160, 125
160, 130
160, 135
160, 140
160, 195
160, 200
160, 205
160, 210
160, 215
160, 220
160, 225
165, 20
165, 25
165, 40
165, 45
165, 50
165, 55
165, 60
165, 65
165, 70
165, 90
165, 95
165, 100
165, 105
165, 110
165, 115
165, 125
165, 130
165, 200
165, 205
165, 210
165, 215
170, 20
170, 25
170, 45
170, 50
170, 55
170, 75
170, 80
170, 85
170, 90
170, 95
170, 100
170, 105
170, 110
170, 115
170, 120
170, 125
170, 130
170, 135
170, 200
170, 205
175, 10
175, 15
175, 20
175, 25
175, 30
175, 60
175, 65
175, 70
175, 75
175, 80
175, 85
175, 90
175, 95
175, 100
175, 115
175, 120
175, 130
175, 135
175, 205
175, 210
180, 10
180, 15
180, 20
180, 25
180, 30
180, 50
180, 55
180, 60
180, 65
180, 70
180, 75
180, 80
180, 85
180, 90
180, 120
180, 130
180, 135
180, 205
180, 210
185, 50
185, 55
185, 60
185, 65
185, 70
185, 75
185, 120
185, 125
185, 135
185, 140
185, 205
185, 210
190, 15
190, 20
190, 25
190, 30
190, 35
190, 50
190, 55
190, 60
190, 65
190, 120
190, 125
190, 135
190, 140
190, 205
190, 210
190, 215
195, 15
195, 20
195, 25
195, 30
195, 35
195, 50
195, 55
195, 120
195, 125
195, 130
195, 135
195, 140
195, 210
195, 215
200, 30
200, 35
200, 55
200, 125
200, 130
200, 140
200, 145
200, 210
200, 215
205, 30
205, 35
205, 40
205, 55
205, 60
205, 125
205, 130
205, 140
205, 145
205, 210
205, 215
210, 35
210, 40
210, 55
210, 60
210, 65
210, 130
210, 135
210, 140
210, 145
210, 215
210, 220
215, 35
215, 40
215, 60
215, 65
215, 130
215, 135
215, 145
215, 150
220, 35
220, 40
220, 45
220, 60
220, 65
220, 130
220, 135
220, 145
220, 150
225, 40
225, 45
225, 60
225, 65
225, 70
225, 135
225, 140
225, 145
225, 150
225, 155
230, 40
230, 45
230, 65
230, 70
230, 135
230, 140
230, 150
230, 155
235, 40
235, 45
235, 50
235, 65
235, 70
235, 135
235, 140
235, 150
240, 45
240, 50
240, 65
240, 70
240, 75
245, 45
245, 50
245, 70
245, 75
250, 45
250, 50
250, 55
250, 70
250, 75
250, 80
255, 50
255, 55
255, 70
255, 75
255, 80
260, 50
260, 55
260, 60
260, 75
260, 80
265, 55
265, 60
270, 55